========== [MONO VO] ==========
Processing: Frame: 0
push back

 MY VERSION

end compute
match
before vs after: 1 1
match done
 ... failed!
Processing: Frame: 1
push back

 MY VERSION

end compute
match
before vs after: 6228 4760
match done
, Matches: 224, Inliers: 85.7143 %, Current pose: 
   0.9999868    0.0045011    0.0024911    0.0171825 
  -0.0044981    0.9999892   -0.0011773   -0.1426982 
  -0.0024964    0.0011661    0.9999962    1.4368465 
   0.0000000   -0.0000000    0.0000000    1.0000000 

Processing: Frame: 2
push back

 MY VERSION

end compute
match
before vs after: 6076 4704
match done
, Matches: 211, Inliers: 82.9384 %, Current pose: 
   0.9999494    0.0086733    0.0050992    0.0384609 
  -0.0086690    0.9999621   -0.0008491   -0.2903885 
  -0.0051064    0.0008048    0.9999866    2.8862143 
   0.0000000   -0.0000000   -0.0000000    1.0000000 

Processing: Frame: 3
push back

 MY VERSION

end compute
match
before vs after: 6128 4787
match done
, Matches: 212, Inliers: 79.717 %, Current pose: 
   0.9999189    0.0114331    0.0056055    0.0879353 
  -0.0114349    0.9999346    0.0002786   -0.4279441 
  -0.0056019   -0.0003427    0.9999843    4.2571854 
   0.0000000   -0.0000000   -0.0000000    1.0000000 

Processing: Frame: 4
push back

 MY VERSION

end compute
match
before vs after: 6267 4902
match done
, Matches: 206, Inliers: 81.5534 %, Current pose: 
   0.9999031    0.0122806    0.0065548    0.1290038 
  -0.0122975    0.9999211    0.0025468   -0.5682284 
  -0.0065230   -0.0026272    0.9999753    5.5595142 
   0.0000000   -0.0000000   -0.0000000    1.0000000 

Processing: Frame: 5
push back

 MY VERSION

end compute
match
before vs after: 6603 5206
match done
, Matches: 209, Inliers: 81.8182 %, Current pose: 
   0.9998955    0.0124788    0.0072956    0.1708486 
  -0.0125042    0.9999159    0.0034458   -0.7041078 
  -0.0072520   -0.0035366    0.9999674    6.9054010 
   0.0000000   -0.0000000   -0.0000000    1.0000000 

Processing: Frame: 6
push back

 MY VERSION

end compute
match
before vs after: 6723 5427
match done
, Matches: 209, Inliers: 84.2105 %, Current pose: 
   0.9998825    0.0135759    0.0071215    0.2216508 
  -0.0135976    0.9999030    0.0030086   -0.8320317 
  -0.0070800   -0.0031051    0.9999701    8.1910265 
   0.0000000   -0.0000000   -0.0000000    1.0000000 

Processing: Frame: 7
push back

 MY VERSION

end compute
match
before vs after: 6994 5675
match done
, Matches: 220, Inliers: 90.4545 %, Current pose: 
   0.9998203    0.0167903    0.0088035    0.2494612 
  -0.0168199    0.9998531    0.0032952   -0.9581294 
  -0.0087469   -0.0034427    0.9999558    9.4531590 
   0.0000000   -0.0000000   -0.0000000    1.0000000 

Processing: Frame: 8
push back

 MY VERSION

end compute
match
before vs after: 7118 5835
match done
, Matches: 226, Inliers: 84.0708 %, Current pose: 
   0.9998931    0.0123141    0.0078824    0.3241179 
  -0.0123475    0.9999150    0.0041927   -1.0965039 
  -0.0078301   -0.0042896    0.9999601   10.7697730 
   0.0000000   -0.0000000    0.0000000    1.0000000 

Processing: Frame: 9
push back

 MY VERSION

end compute
match
before vs after: 7328 5995
match done
, Matches: 225, Inliers: 81.3333 %, Current pose: 
   0.9998871    0.0125528    0.0082612    0.3692388 
  -0.0125983    0.9999056    0.0054891   -1.2141303 
  -0.0081915   -0.0055925    0.9999508   12.0115148 
  -0.0000000   -0.0000000    0.0000000    1.0000000 

Processing: Frame: 10
push back

 MY VERSION

end compute
match
before vs after: 7512 6217
match done
, Matches: 233, Inliers: 87.1245 %, Current pose: 
   0.9998649    0.0131292    0.0098898    0.4043604 
  -0.0131839    0.9998980    0.0054932   -1.3211755 
  -0.0098167   -0.0056228    0.9999360   13.1867607 
  -0.0000000   -0.0000000   -0.0000000    1.0000000 

Processing: Frame: 11
push back

 MY VERSION

end compute
match
before vs after: 7529 6235
match done
, Matches: 235, Inliers: 88.9362 %, Current pose: 
   0.9999061    0.0101488    0.0092066    0.4664421 
  -0.0101960    0.9999350    0.0050978   -1.4299267 
  -0.0091542   -0.0051912    0.9999446   14.3636819 
  -0.0000000   -0.0000000   -0.0000000    1.0000000 

Processing: Frame: 12
push back

 MY VERSION

end compute
match
before vs after: 7562 6301
match done
, Matches: 239, Inliers: 86.6109 %, Current pose: 
   0.9998999    0.0098848    0.0101242    0.5063028 
  -0.0099352    0.9999385    0.0049373   -1.5350573 
  -0.0100748   -0.0050374    0.9999366   15.4792481 
  -0.0000000   -0.0000000   -0.0000000    1.0000000 

Processing: Frame: 13
push back

 MY VERSION

end compute
match
before vs after: 7385 6128
match done
, Matches: 224, Inliers: 86.1607 %, Current pose: 
   0.9998792    0.0110966    0.0108819    0.5470316 
  -0.0111437    0.9999288    0.0042784   -1.6446368 
  -0.0108337   -0.0043992    0.9999316   16.5848838 
  -0.0000000   -0.0000000   -0.0000000    1.0000000 

Processing: Frame: 14
push back

 MY VERSION

end compute
match
before vs after: 7597 6214
match done
, Matches: 206, Inliers: 88.835 %, Current pose: 
   0.9999170    0.0072251    0.0106707    0.6056476 
  -0.0072631    0.9999674    0.0035268   -1.7514319 
  -0.0106448   -0.0036040    0.9999368   17.6531473 
  -0.0000000   -0.0000000    0.0000000    1.0000000 

Processing: Frame: 15
push back

 MY VERSION

end compute
match
before vs after: 7698 6483
match done
, Matches: 219, Inliers: 87.2146 %, Current pose: 
   0.9998561    0.0113612    0.0125951    0.6274627 
  -0.0114011    0.9999302    0.0031070   -1.8533543 
  -0.0125590   -0.0032502    0.9999159   18.6841898 
  -0.0000000   -0.0000000    0.0000000    1.0000000 

Processing: Frame: 16
push back

 MY VERSION

end compute
match
before vs after: 7822 6655
match done
, Matches: 229, Inliers: 87.7729 %, Current pose: 
   0.9998853    0.0093147    0.0119436    0.6835641 
  -0.0093547    0.9999508    0.0033012   -1.9584091 
  -0.0119122   -0.0034126    0.9999232   19.7340493 
  -0.0000000   -0.0000000    0.0000000    1.0000000 

Processing: Frame: 17
push back

 MY VERSION

end compute
match
before vs after: 8112 6920
match done
, Matches: 233, Inliers: 81.9742 %, Current pose: 
   0.9999422    0.0044237    0.0098007    0.7620065 
  -0.0044370    0.9999893    0.0013367   -2.0603495 
  -0.0097947   -0.0013801    0.9999511   20.7595398 
   0.0000000   -0.0000000    0.0000000    1.0000000 

Processing: Frame: 18
push back

 MY VERSION

end compute
match
before vs after: 8042 6923
match done
, Matches: 243, Inliers: 86.4198 %, Current pose: 
   0.9999412    0.0039777    0.0100904    0.8072267 
  -0.0039759    0.9999921   -0.0001948   -2.1614194 
  -0.0100911    0.0001547    0.9999491   21.7501164 
  -0.0000000    0.0000000    0.0000000    1.0000000 

Processing: Frame: 19
push back

 MY VERSION

end compute
match
before vs after: 8231 7154
match done
, Matches: 232, Inliers: 87.931 %, Current pose: 
   0.9999147    0.0061313    0.0115362    0.8356451 
  -0.0061275    0.9999812   -0.0003634   -2.2590408 
  -0.0115382    0.0002927    0.9999334   22.6988402 
  -0.0000000    0.0000000    0.0000000    1.0000000 

Processing: Frame: 20
push back

 MY VERSION

end compute
match
before vs after: 8449 7452
match done
, Matches: 226, Inliers: 91.5929 %, Current pose: 
   0.9998988    0.0067904    0.0125038    0.8763393 
  -0.0067799    0.9999766   -0.0008761   -2.3538893 
  -0.0125095    0.0007912    0.9999214   23.6306811 
  -0.0000000    0.0000000    0.0000000    1.0000000 

Processing: Frame: 21
push back

 MY VERSION

end compute
match
before vs after: 8868 7988
match done
, Matches: 235, Inliers: 88.9362 %, Current pose: 
   0.9998839    0.0062476    0.0138961    0.9159841 
  -0.0062643    0.9999797    0.0011591   -2.4431333 
  -0.0138885   -0.0012460    0.9999028   24.5456098 
  -0.0000000   -0.0000000    0.0000000    1.0000000 

Processing: Frame: 22
push back

 MY VERSION

end compute
match
before vs after: 9061 8188
match done
, Matches: 236, Inliers: 91.5254 %, Current pose: 
   0.9998563    0.0077008    0.0151037    0.9552694 
  -0.0077499    0.9999649    0.0031950   -2.5364590 
  -0.0150786   -0.0033116    0.9998808   25.4584654 
  -0.0000000   -0.0000000    0.0000000    1.0000000 

Processing: Frame: 23
push back

 MY VERSION

end compute
match
before vs after: 9473 8531
match done
, Matches: 239, Inliers: 94.1423 %, Current pose: 
   0.9998306    0.0064512    0.0172375    1.0127269 
  -0.0065087    0.9999734    0.0032826   -2.6235375 
  -0.0172158   -0.0033943    0.9998460   26.3418616 
  -0.0000000   -0.0000000    0.0000000    1.0000000 

Processing: Frame: 24
push back

 MY VERSION

end compute
match
before vs after: 9616 8653
match done
, Matches: 249, Inliers: 96.7871 %, Current pose: 
   0.9997177    0.0067719    0.0227743    1.0626682 
  -0.0068487    0.9999711    0.0032973   -2.7096073 
  -0.0227513   -0.0034523    0.9997352   27.2027453 
  -0.0000000   -0.0000000    0.0000000    1.0000000 

Processing: Frame: 25
push back

 MY VERSION

end compute
match
before vs after: 9931 8999
match done
, Matches: 245, Inliers: 96.3265 %, Current pose: 
   0.9996379    0.0009575    0.0268903    1.1543025 
  -0.0010261    0.9999963    0.0025361   -2.7943453 
  -0.0268878   -0.0025628    0.9996352   28.0520554 
  -0.0000000   -0.0000000    0.0000000    1.0000000 

Processing: Frame: 26
push back

 MY VERSION

end compute
match
before vs after: 10116 9226
match done
, Matches: 247, Inliers: 95.9514 %, Current pose: 
   0.9993449    0.0038110    0.0359887    1.1958384 
  -0.0038676    0.9999914    0.0015032   -2.8765212 
  -0.0359826   -0.0016414    0.9993511   28.8723867 
  -0.0000000   -0.0000000    0.0000000    1.0000000 

Processing: Frame: 27
push back

 MY VERSION

end compute
match
before vs after: 10308 9453
match done
, Matches: 247, Inliers: 92.3077 %, Current pose: 
   0.9989329    0.0068032    0.0456803    1.2467682 
  -0.0068237    0.9999767    0.0002942   -2.9631682 
  -0.0456772   -0.0006056    0.9989561   29.6780726 
  -0.0000000    0.0000000    0.0000000    1.0000000 

Processing: Frame: 28
push back

 MY VERSION

end compute
match
before vs after: 10226 9484
match done
, Matches: 251, Inliers: 93.2271 %, Current pose: 
   0.9985448    0.0031347    0.0538364    1.3398490 
  -0.0030291    0.9999933   -0.0020429   -3.0428084 
  -0.0538425    0.0018768    0.9985477   30.4554476 
  -0.0000000    0.0000000    0.0000000    1.0000000 

Processing: Frame: 29
push back

 MY VERSION

end compute
match
before vs after: 10132 9396
match done
, Matches: 252, Inliers: 94.4444 %, Current pose: 
   0.9976755    0.0104890    0.0673325    1.4006683 
  -0.0102319    0.9999390   -0.0041623   -3.1223447 
  -0.0673721    0.0034637    0.9977219   31.2292564 
  -0.0000000    0.0000000    0.0000000    1.0000000 

Processing: Frame: 30
push back

 MY VERSION

end compute
match
before vs after: 9999 9269
match done
, Matches: 250, Inliers: 96 %, Current pose: 
   0.9963307    0.0168823    0.0839060    1.4806560 
  -0.0163514    0.9998417   -0.0070103   -3.2024357 
  -0.0840111    0.0056126    0.9964490   31.9699778 
  -0.0000000    0.0000000    0.0000000    1.0000000 

Processing: Frame: 31
push back

 MY VERSION

end compute
match
before vs after: 9845 9126
match done
, Matches: 246, Inliers: 95.935 %, Current pose: 
   0.9942830    0.0209406    0.1047034    1.5845089 
  -0.0200025    0.9997499   -0.0100018   -3.2776534 
  -0.1048867    0.0078503    0.9944532   32.6650829 
  -0.0000000    0.0000000    0.0000000    1.0000000 

Processing: Frame: 32
push back

 MY VERSION

end compute
match
before vs after: 10019 9356
match done
, Matches: 248, Inliers: 94.3548 %, Current pose: 
   0.9909581    0.0229432    0.1321954    1.7082675 
  -0.0214889    0.9996920   -0.0124175   -3.3552911 
  -0.1324395    0.0094645    0.9911459   33.3292205 
  -0.0000000    0.0000000    0.0000000    1.0000000 

Processing: Frame: 33
push back

 MY VERSION

end compute
match
before vs after: 10258 9568
match done
, Matches: 242, Inliers: 94.6281 %, Current pose: 
   0.9865045    0.0197195    0.1625422    1.8851552 
  -0.0177417    0.9997500   -0.0136109   -3.4231215 
  -0.1627700    0.0105434    0.9866077   33.9612897 
  -0.0000000    0.0000000    0.0000000    1.0000000 

Processing: Frame: 34
push back

 MY VERSION

end compute
match
before vs after: 10269 9540
match done
, Matches: 233, Inliers: 92.7039 %, Current pose: 
   0.9802533    0.0168893    0.1970235    2.0664706 
  -0.0145374    0.9998048   -0.0133774   -3.4962266 
  -0.1972110    0.0102490    0.9803075   34.5735922 
  -0.0000000    0.0000000    0.0000000    1.0000000 

Processing: Frame: 35
push back

 MY VERSION

end compute
match
before vs after: 10070 9412
match done
, Matches: 225, Inliers: 92.8889 %, Current pose: 
   0.9715533    0.0197041    0.2359998    2.2461932 
  -0.0170368    0.9997659   -0.0133362   -3.5633501 
  -0.2362073    0.0089361    0.9716616   35.1726826 
  -0.0000000    0.0000000    0.0000000    1.0000000 

Processing: Frame: 36
push back

 MY VERSION

end compute
match
before vs after: 9883 9245
match done
, Matches: 226, Inliers: 94.2478 %, Current pose: 
   0.9602832    0.0232277    0.2780587    2.4480566 
  -0.0209029    0.9997174   -0.0113226   -3.6322013 
  -0.2782431    0.0050607    0.9604973   35.7539493 
  -0.0000000    0.0000000    0.0000000    1.0000000 

Processing: Frame: 37
push back

 MY VERSION

end compute
match
before vs after: 9742 9143
match done
, Matches: 223, Inliers: 93.722 %, Current pose: 
   0.9476295    0.0129946    0.3191074    2.7556614 
  -0.0107545    0.9999036   -0.0087812   -3.7031202 
  -0.3191908    0.0048895    0.9476779   36.2987302 
  -0.0000000    0.0000000    0.0000000    1.0000000 

Processing: Frame: 38
push back

 MY VERSION

end compute
match
before vs after: 9676 9050
match done
, Matches: 220, Inliers: 92.2727 %, Current pose: 
   0.9315806    0.0007223    0.3635340    3.1044417 
   0.0029352    0.9999505   -0.0095087   -3.7776366 
  -0.3635229    0.0099252    0.9315324   36.8425260 
  -0.0000000    0.0000000    0.0000000    1.0000000 

Processing: Frame: 39
push back

 MY VERSION

end compute
match
before vs after: 9599 8991
match done
, Matches: 210, Inliers: 90.4762 %, Current pose: 
   0.9122496   -0.0081678    0.4095535    3.4818507 
   0.0145425    0.9998167   -0.0124530   -3.8551022 
  -0.4093767    0.0173162    0.9122011   37.3705501 
  -0.0000000    0.0000000    0.0000000    1.0000000 

Processing: Frame: 40
push back

 MY VERSION

end compute
match
before vs after: 9760 9143
match done
, Matches: 213, Inliers: 87.3239 %, Current pose: 
   0.8884838   -0.0128386    0.4587283    3.8700073 
   0.0208666    0.9997049   -0.0124363   -3.9296981 
  -0.4584333    0.0206215    0.8884895   37.8638579 
  -0.0000000    0.0000000    0.0000000    1.0000000 

Processing: Frame: 41
push back

 MY VERSION

end compute
match
before vs after: 9599 8927
match done
, Matches: 209, Inliers: 89.4737 %, Current pose: 
   0.8606828   -0.0170057    0.5088575    4.2860128 
   0.0258726    0.9996116   -0.0103546   -3.9885126 
  -0.5084838    0.0220775    0.8607885   38.3312768 
  -0.0000000    0.0000000    0.0000000    1.0000000 

Processing: Frame: 42
push back

 MY VERSION

end compute
match
before vs after: 9371 8721
match done
, Matches: 209, Inliers: 92.823 %, Current pose: 
   0.8302765   -0.0252765    0.5567783    4.7416300 
   0.0354430    0.9993437   -0.0074851   -4.0408199 
  -0.5562237    0.0259486    0.8306274   38.7696970 
  -0.0000000    0.0000000    0.0000000    1.0000000 

Processing: Frame: 43
push back

 MY VERSION

end compute
match
before vs after: 9234 8594
match done
, Matches: 212, Inliers: 88.2075 %, Current pose: 
   0.8010388   -0.0500638    0.5965152    5.2851693 
   0.0720024    0.9973199   -0.0129873   -4.0931714 
  -0.5942663    0.0533538    0.8024967   39.0544442 
  -0.0000000    0.0000000    0.0000000    1.0000000 

Processing: Frame: 44
push back

 MY VERSION

end compute
match
before vs after: 9402 8754
match done
, Matches: 217, Inliers: 88.0184 %, Current pose: 
   0.7655079   -0.0612263    0.6405068    5.8128188 
   0.0864481    0.9962235   -0.0080899   -4.1503911 
  -0.6375926    0.0615635    0.7679099   39.4447036 
  -0.0000000    0.0000000    0.0000000    1.0000000 

Processing: Frame: 45
push back

 MY VERSION

end compute
match
before vs after: 9454 8849
match done
, Matches: 214, Inliers: 87.3832 %, Current pose: 
   0.7273317   -0.0629538    0.6833926    6.3951360 
   0.0931601    0.9956234   -0.0074335   -4.2059062 
  -0.6799337    0.0690716    0.7300132   39.8319943 
  -0.0000000    0.0000000    0.0000000    1.0000000 

Processing: Frame: 46
push back

 MY VERSION

end compute
match
before vs after: 9899 9268
match done
, Matches: 220, Inliers: 90.4545 %, Current pose: 
   0.6872425   -0.0621529    0.7237643    6.9777290 
   0.0995286    0.9949934   -0.0090618   -4.2661247 
  -0.7195775    0.0782629    0.6899878   40.1784414 
  -0.0000000    0.0000000    0.0000000    1.0000000 

Processing: Frame: 47
push back

 MY VERSION

end compute
match
before vs after: 9956 9387
match done
, Matches: 226, Inliers: 93.8053 %, Current pose: 
   0.6466472   -0.0627754    0.7602017    7.5465470 
   0.1078304    0.9941226   -0.0096313   -4.3071576 
  -0.7551291    0.0882009    0.6496157   40.4628461 
  -0.0000000    0.0000000    0.0000000    1.0000000 

Processing: Frame: 48
push back

 MY VERSION

end compute
match
before vs after: 10112 9588
match done
, Matches: 232, Inliers: 88.3621 %, Current pose: 
   0.6016553   -0.0661434    0.7960125    8.1151544 
   0.1148731    0.9933709   -0.0042827   -4.3512162 
  -0.7904524    0.0940171    0.6052650   40.7467345 
  -0.0000000    0.0000000    0.0000000    1.0000000 

Processing: Frame: 49
push back

 MY VERSION

end compute
match
before vs after: 9959 9347
match done
, Matches: 230, Inliers: 87.3913 %, Current pose: 
   0.5535882   -0.0686508    0.8299562    8.6888919 
   0.1182452    0.9929791    0.0032648   -4.3986652 
  -0.8243532    0.0963310    0.5578191   41.0115293 
  -0.0000000    0.0000000    0.0000000    1.0000000 

Processing: Frame: 50
push back

 MY VERSION

end compute
match
before vs after: 9763 9215
match done
, Matches: 234, Inliers: 94.8718 %, Current pose: 
   0.5057591   -0.0700004    0.8598300    9.2834416 
   0.1226815    0.9924086    0.0086316   -4.4303529 
  -0.8539069    0.1011197    0.5105074   41.2168835 
  -0.0000000    0.0000000    0.0000000    1.0000000 

Processing: Frame: 51
push back

 MY VERSION

end compute
match
before vs after: 9431 8854
match done
, Matches: 235, Inliers: 90.2128 %, Current pose: 
   0.4556577   -0.0724403    0.8872026    9.8943617 
   0.1288514    0.9915537    0.0147839   -4.4640957 
  -0.8807800    0.1075809    0.4611431   41.4011054 
  -0.0000000    0.0000000    0.0000000    1.0000000 

Processing: Frame: 52
push back

 MY VERSION

end compute
match
before vs after: 9255 8655
match done
, Matches: 233, Inliers: 94.4206 %, Current pose: 
   0.4051876   -0.0736692    0.9112606   10.4915068 
   0.1299969    0.9912628    0.0223344   -4.4930122 
  -0.9049441    0.1094114    0.4112242   41.5499857 
  -0.0000000    0.0000000    0.0000000    1.0000000 

Processing: Frame: 53
push back

 MY VERSION

end compute
match
before vs after: 8929 8334
match done
, Matches: 233, Inliers: 87.9828 %, Current pose: 
   0.3522120   -0.0745611    0.9329455   11.1116846 
   0.1319429    0.9908220    0.0293746   -4.5226081 
  -0.9265731    0.1127494    0.3588172   41.6919508 
  -0.0000000    0.0000000    0.0000000    1.0000000 

Processing: Frame: 54
push back

 MY VERSION

end compute
match
before vs after: 8558 7911
match done
, Matches: 236, Inliers: 91.5254 %, Current pose: 
   0.3012235   -0.0749148    0.9506062   11.7110979 
   0.1332458    0.9904351    0.0358314   -4.5440959 
  -0.9441980    0.1158711    0.3083244   41.7989892 
  -0.0000000    0.0000000    0.0000000    1.0000000 

Processing: Frame: 55
push back

 MY VERSION

end compute
match
before vs after: 8231 7574
match done
, Matches: 240, Inliers: 89.1667 %, Current pose: 
   0.2561334   -0.0760846    0.9636425   12.3415570 
   0.1405415    0.9892358    0.0407498   -4.5578733 
  -0.9563701    0.1249944    0.2640694   41.8604363 
  -0.0000000    0.0000000    0.0000000    1.0000000 

Processing: Frame: 56
push back

 MY VERSION

end compute
match
before vs after: 8640 7955
match done
, Matches: 234, Inliers: 85.8974 %, Current pose: 
   0.2164712   -0.0783637    0.9731389   12.9852252 
   0.1510753    0.9874556    0.0459104   -4.5694474 
  -0.9645292    0.1370789    0.2255945   41.8947186 
  -0.0000000    0.0000000    0.0000000    1.0000000 

Processing: Frame: 57
push back

 MY VERSION

end compute
match
before vs after: 8576 7892
match done
, Matches: 243, Inliers: 85.5967 %, Current pose: 
   0.1824489   -0.0801885    0.9799399   13.6451613 
   0.1543719    0.9866437    0.0519956   -4.5840255 
  -0.9710210    0.1417886    0.1923909   41.9417301 
  -0.0000000    0.0000000    0.0000000    1.0000000 

Processing: Frame: 58
push back

 MY VERSION

end compute
match
before vs after: 8277 7544
match done
, Matches: 235, Inliers: 84.6809 %, Current pose: 
   0.1544463   -0.0799146    0.9847639   14.2896515 
   0.1592885    0.9856984    0.0550083   -4.5940075 
  -0.9750762    0.1483657    0.1649669   41.9690420 
  -0.0000000    0.0000000    0.0000000    1.0000000 

Processing: Frame: 59
push back

 MY VERSION

end compute
match
before vs after: 8283 7445
match done
, Matches: 238, Inliers: 85.7143 %, Current pose: 
   0.1335770   -0.0789946    0.9878851   14.9126874 
   0.1617291    0.9851928    0.0569111   -4.6069740 
  -0.9777530    0.1521678    0.1443748   41.9856111 
  -0.0000000    0.0000000    0.0000000    1.0000000 

Processing: Frame: 60
push back

 MY VERSION

end compute
match
before vs after: 8824 8012
match done
, Matches: 245, Inliers: 90.2041 %, Current pose: 
   0.1153822   -0.0807951    0.9900299   15.5579100 
   0.1579286    0.9855009    0.0620199   -4.6167544 
  -0.9806863    0.1491980    0.1264691   42.0291754 
  -0.0000000    0.0000000    0.0000000    1.0000000 

Processing: Frame: 61
push back

 MY VERSION

end compute
match
before vs after: 8909 8096
match done
, Matches: 238, Inliers: 89.4958 %, Current pose: 
   0.1004894   -0.0856504    0.9912446   16.2030626 
   0.1582378    0.9849825    0.0690676   -4.6192876 
  -0.9822742    0.1499118    0.1125334   42.0602120 
  -0.0000000    0.0000000    0.0000000    1.0000000 

Processing: Frame: 62
push back

 MY VERSION

end compute
match
before vs after: 8845 8078
match done
, Matches: 243, Inliers: 88.4774 %, Current pose: 
   0.0902533   -0.0888788    0.9919450   16.8579833 
   0.1601205    0.9843476    0.0736293   -4.6246420 
  -0.9829628    0.1521854    0.1030720   42.0789054 
  -0.0000000    0.0000000    0.0000000    1.0000000 

Processing: Frame: 63
push back

 MY VERSION

end compute
match
before vs after: 9037 8328
match done
, Matches: 239, Inliers: 89.5397 %, Current pose: 
   0.0826367   -0.0920033    0.9923238   17.5335289 
   0.1633465    0.9835135    0.0775836   -4.6332764 
  -0.9831018    0.1556813    0.0963027   42.0979791 
  -0.0000000    0.0000000    0.0000000    1.0000000 

Processing: Frame: 64
push back

 MY VERSION

end compute
match
before vs after: 9376 8745
match done
, Matches: 237, Inliers: 89.4515 %, Current pose: 
   0.0776093   -0.0924366    0.9926894   18.2433174 
   0.1594203    0.9840314    0.0791668   -4.6517215 
  -0.9841554    0.1521108    0.0911063   42.1295187 
  -0.0000000    0.0000000    0.0000000    1.0000000 

Processing: Frame: 65
push back

 MY VERSION

end compute
match
before vs after: 9425 8847
match done
, Matches: 235, Inliers: 87.6596 %, Current pose: 
   0.0742684   -0.0862075    0.9935051   18.9434093 
   0.1518937    0.9856102    0.0741678   -4.6602584 
  -0.9856026    0.1453989    0.0862941   42.1728861 
  -0.0000000    0.0000000    0.0000000    1.0000000 

Processing: Frame: 66
push back

 MY VERSION

end compute
match
before vs after: 9321 8692
match done
, Matches: 236, Inliers: 91.5254 %, Current pose: 
   0.0720540   -0.0760354    0.9944983   19.6269651 
   0.1465453    0.9870759    0.0648503   -4.6761765 
  -0.9865762    0.1410663    0.0822654   42.2142529 
  -0.0000000    0.0000000    0.0000000    1.0000000 

Processing: Frame: 67
push back

 MY VERSION

end compute
match
before vs after: 8950 8254
match done
, Matches: 236, Inliers: 91.9492 %, Current pose: 
   0.0709553   -0.0682897    0.9951391   20.2941900 
   0.1477766    0.9873642    0.0572194   -4.6844141 
  -0.9864722    0.1429982    0.0801504   42.2371095 
  -0.0000000    0.0000000    0.0000000    1.0000000 

Processing: Frame: 68
push back

 MY VERSION

end compute
match
before vs after: 8647 7899
match done
, Matches: 231, Inliers: 87.4459 %, Current pose: 
   0.0695504   -0.0674534    0.9952953   20.9492484 
   0.1459172    0.9876683    0.0567399   -4.6895512 
  -0.9868490    0.1412844    0.0785353   42.2605839 
  -0.0000000    0.0000000    0.0000000    1.0000000 

Processing: Frame: 69
push back

 MY VERSION

end compute
match
before vs after: 8458 7685
match done
, Matches: 234, Inliers: 89.3162 %, Current pose: 
   0.0667013   -0.0711956    0.9952297   21.6100966 
   0.1406648    0.9881601    0.0612624   -4.6983222 
  -0.9878078    0.1359075    0.0759263   42.2948386 
  -0.0000000    0.0000000    0.0000000    1.0000000 

Processing: Frame: 70
push back

 MY VERSION

end compute
match
before vs after: 8664 8021
match done
, Matches: 228, Inliers: 89.0351 %, Current pose: 
   0.0656247   -0.0774476    0.9948343   22.3388477 
   0.1384922    0.9880412    0.0677830   -4.7039641 
  -0.9881869    0.1333286    0.0755658   42.3182705 
  -0.0000000    0.0000000    0.0000000    1.0000000 

Processing: Frame: 71
push back

 MY VERSION

end compute
match
before vs after: 8837 8078
match done
, Matches: 236, Inliers: 88.5593 %, Current pose: 
   0.0626295   -0.0823718    0.9946318   23.0852487 
   0.1330661    0.9883799    0.0734752   -4.7179686 
  -0.9891264    0.1277501    0.0728627   42.3593990 
  -0.0000000    0.0000000    0.0000000    1.0000000 

Processing: Frame: 72
push back

 MY VERSION

end compute
match
before vs after: 8801 8076
match done
, Matches: 233, Inliers: 88.412 %, Current pose: 
   0.0608523   -0.0839619    0.9946092   23.8719865 
   0.1301812    0.9886121    0.0754909   -4.7213075 
  -0.9896211    0.1248857    0.0710896   42.3757615 
  -0.0000000    0.0000000    0.0000000    1.0000000 

Processing: Frame: 73
push back

 MY VERSION

end compute
match
before vs after: 8726 8033
match done
, Matches: 236, Inliers: 87.7119 %, Current pose: 
   0.0604413   -0.0849368    0.9945515   24.6808533 
   0.1299754    0.9885596    0.0765261   -4.7223792 
  -0.9896733    0.1246419    0.0707895   42.3901491 
  -0.0000000    0.0000000    0.0000000    1.0000000 

Processing: Frame: 74
push back

 MY VERSION

end compute
match
before vs after: 8588 7795
match done
, Matches: 224, Inliers: 89.7321 %, Current pose: 
   0.0588464   -0.0857922    0.9945737   25.5287994 
   0.1362639    0.9876652    0.0771339   -4.7265606 
  -0.9889233    0.1309854    0.0698109   42.3993570 
  -0.0000000    0.0000000    0.0000000    1.0000000 

Processing: Frame: 75
push back

 MY VERSION

end compute
match
before vs after: 8333 7481
match done
, Matches: 228, Inliers: 89.0351 %, Current pose: 
   0.0555351   -0.0871585    0.9946453   26.4158301 
   0.1296680    0.9883758    0.0793692   -4.7337754 
  -0.9900010    0.1245659    0.0661912   42.4416017 
  -0.0000000    0.0000000    0.0000000    1.0000000 

Processing: Frame: 76
push back

 MY VERSION

end compute
match
before vs after: 7911 7081
match done
, Matches: 225, Inliers: 86.2222 %, Current pose: 
   0.0529563   -0.0882284    0.9946916   27.3148158 
   0.1316065    0.9880175    0.0806298   -4.7367113 
  -0.9898865    0.1266380    0.0639331   42.4445338 
  -0.0000000    0.0000000    0.0000000    1.0000000 

Processing: Frame: 77
push back

 MY VERSION

end compute
match
before vs after: 7646 6736
match done
, Matches: 217, Inliers: 88.0184 %, Current pose: 
   0.0509972   -0.0926808    0.9943890   28.2015709 
   0.1302268    0.9878005    0.0853880   -4.7282170 
  -0.9901718    0.1251416    0.0624445   42.4623972 
  -0.0000000    0.0000000    0.0000000    1.0000000 

Processing: Frame: 78
push back

 MY VERSION

end compute
match
before vs after: 7243 6323
match done
, Matches: 217, Inliers: 82.0276 %, Current pose: 
   0.0485159   -0.0897503    0.9947819   29.0937626 
   0.1337390    0.9875702    0.0825771   -4.7336100 
  -0.9898283    0.1290348    0.0599160   42.4712676 
  -0.0000000    0.0000000    0.0000000    1.0000000 

Processing: Frame: 79
push back

 MY VERSION

end compute
match
before vs after: 7725 6926
match done
, Matches: 219, Inliers: 88.1279 %, Current pose: 
   0.0448382   -0.0825078    0.9955812   30.0200939 
   0.1310858    0.9884526    0.0760133   -4.7442624 
  -0.9903565    0.1270983    0.0551361   42.4978131 
  -0.0000000    0.0000000    0.0000000    1.0000000 

Processing: Frame: 80
push back

 MY VERSION

end compute
match
before vs after: 8255 7246
match done
, Matches: 235, Inliers: 86.383 %, Current pose: 
   0.0428089   -0.0749917    0.9962648   30.9803477 
   0.1347165    0.9885054    0.0686189   -4.7538769 
  -0.9899590    0.1312758    0.0524194   42.5005113 
  -0.0000000    0.0000000    0.0000000    1.0000000 

Processing: Frame: 81
push back

 MY VERSION

end compute
match
before vs after: 8305 7351
match done
, Matches: 235, Inliers: 83.8298 %, Current pose: 
   0.0427828   -0.0693520    0.9966744   31.9056644 
   0.1321263    0.9892185    0.0631616   -4.7605767 
  -0.9903092    0.1289847    0.0514848   42.5035527 
  -0.0000000    0.0000000    0.0000000    1.0000000 

Processing: Frame: 82
push back

 MY VERSION

end compute
match
before vs after: 8257 7247
match done
, Matches: 244, Inliers: 84.8361 %, Current pose: 
   0.0407575   -0.0714660    0.9966100   32.8493691 
   0.1308422    0.9892314    0.0655860   -4.7765221 
  -0.9905651    0.1277255    0.0496693   42.5173093 
  -0.0000000    0.0000000    0.0000000    1.0000000 

Processing: Frame: 83
push back

 MY VERSION

end compute
match
before vs after: 8112 7032
match done
, Matches: 240, Inliers: 90 %, Current pose: 
   0.0387411   -0.0766193    0.9963075   33.8437981 
   0.1296774    0.9890099    0.0710156   -4.7854169 
  -0.9907991    0.1264474    0.0482511   42.5334571 
  -0.0000000    0.0000000    0.0000000    1.0000000 

Processing: Frame: 84
push back

 MY VERSION

end compute
match
before vs after: 7907 6743
match done
, Matches: 240, Inliers: 86.25 %, Current pose: 
   0.0370695   -0.0831260    0.9958493   34.8729318 
   0.1294442    0.9885380    0.0776973   -4.7936496 
  -0.9908936    0.1260268    0.0474048   42.5321371 
  -0.0000000    0.0000000    0.0000000    1.0000000 

Processing: Frame: 85
push back

 MY VERSION

end compute
match
before vs after: 7677 6419
match done
, Matches: 218, Inliers: 80.2752 %, Current pose: 
   0.0356107   -0.0875636    0.9955222   35.8811269 
   0.1249031    0.9887331    0.0824985   -4.8056839 
  -0.9915297    0.1214060    0.0461464   42.5447822 
  -0.0000000    0.0000000    0.0000000    1.0000000 

Processing: Frame: 86
push back

 MY VERSION

end compute
match
before vs after: 7759 6534
match done
, Matches: 225, Inliers: 82.6667 %, Current pose: 
   0.0333006   -0.0894879    0.9954311   36.9198588 
   0.1221296    0.9888837    0.0848136   -4.8108478 
  -0.9919554    0.1187473    0.0438595   42.5533902 
  -0.0000000    0.0000000    0.0000000    1.0000000 

Processing: Frame: 87
push back

 MY VERSION

end compute
match
before vs after: 8030 6925
match done
, Matches: 237, Inliers: 81.0127 %, Current pose: 
   0.0318769   -0.0883904    0.9955757   37.9842232 
   0.1222732    0.9889450    0.0838867   -4.8158028 
  -0.9919844    0.1190582    0.0423323   42.5562874 
  -0.0000000    0.0000000    0.0000000    1.0000000 

Processing: Frame: 88
push back

 MY VERSION

end compute
match
before vs after: 7861 6860
match done
, Matches: 226, Inliers: 81.8584 %, Current pose: 
   0.0305810   -0.0852557    0.9958897   39.0255015 
   0.1199361    0.9894698    0.0810232   -4.8286879 
  -0.9923105    0.1169653    0.0404842   42.5603715 
  -0.0000000    0.0000000    0.0000000    1.0000000 

Processing: Frame: 89
push back

 MY VERSION

end compute
match
before vs after: 7765 6795
match done
, Matches: 233, Inliers: 87.1245 %, Current pose: 
   0.0291546   -0.0827243    0.9961459   40.0702888 
   0.1194406    0.9897177    0.0786947   -4.8400726 
  -0.9924132    0.1166860    0.0387355   42.5536239 
  -0.0000000    0.0000000    0.0000000    1.0000000 

Processing: Frame: 90
push back

 MY VERSION

end compute
match
before vs after: 7543 6606
match done
, Matches: 230, Inliers: 83.4783 %, Current pose: 
   0.0265288   -0.0819640    0.9962822   41.0752570 
   0.1141746    0.9903595    0.0784365   -4.8484875 
  -0.9931064    0.1116693    0.0356313   42.5704440 
  -0.0000000    0.0000000    0.0000000    1.0000000 

Processing: Frame: 91
push back

 MY VERSION

end compute
match
before vs after: 7344 6535
match done
, Matches: 238, Inliers: 83.6134 %, Current pose: 
   0.0247679   -0.0844646    0.9961186   42.0970105 
   0.1130040    0.9902743    0.0811592   -4.8547655 
  -0.9932858    0.1105552    0.0340718   42.5646501 
  -0.0000000    0.0000000   -0.0000000    1.0000000 

Processing: Frame: 92
push back

 MY VERSION

end compute
match
before vs after: 7065 6171
match done
, Matches: 235, Inliers: 85.1064 %, Current pose: 
   0.0229836   -0.0858818    0.9960402   43.1426408 
   0.1153160    0.9898811    0.0826899   -4.8627973 
  -0.9930629    0.1129589    0.0326546   42.5482838 
  -0.0000000    0.0000000   -0.0000000    1.0000000 

Processing: Frame: 93
push back

 MY VERSION

end compute
match
before vs after: 6959 6023
match done
, Matches: 225, Inliers: 80 %, Current pose: 
   0.0235754   -0.0872447    0.9959079   44.1290829 
   0.1178768    0.9894783    0.0838911   -4.8747700 
  -0.9927483    0.1154167    0.0336115   42.5164252 
  -0.0000000    0.0000000   -0.0000000    1.0000000 

Processing: Frame: 94
push back

 MY VERSION

end compute
match
before vs after: 6942 5910
match done
, Matches: 214, Inliers: 81.7757 %, Current pose: 
   0.0226072   -0.0891983    0.9957573   45.1139355 
   0.1154942    0.9895763    0.0860225   -4.8834527 
  -0.9930509    0.1130595    0.0326734   42.5154437 
  -0.0000000    0.0000000   -0.0000000    1.0000000 

Processing: Frame: 95
push back

 MY VERSION

end compute
match
before vs after: 6837 5952
match done
, Matches: 217, Inliers: 78.8018 %, Current pose: 
   0.0228011   -0.0913785    0.9955552   46.1470778 
   0.1179803    0.9891015    0.0880841   -4.8838462 
  -0.9927541    0.1154475    0.0333334   42.4989496 
  -0.0000000    0.0000000   -0.0000000    1.0000000 

Processing: Frame: 96
push back

 MY VERSION

end compute
match
before vs after: 6563 5748
match done
, Matches: 213, Inliers: 80.7512 %, Current pose: 
   0.0227499   -0.0935368    0.9953559   47.1277922 
   0.1225931    0.9883608    0.0900775   -4.8851198 
  -0.9921962    0.1199745    0.0339520   42.4757287 
  -0.0000000    0.0000000   -0.0000000    1.0000000 

Processing: Frame: 97
push back

 MY VERSION

end compute
match
before vs after: 6577 5773
match done
, Matches: 225, Inliers: 81.3333 %, Current pose: 
   0.0232027   -0.0962572    0.9950860   48.1314999 
   0.1226146    0.9881133    0.0927236   -4.8841191 
  -0.9921831    0.1198606    0.0347295   42.4643633 
  -0.0000000    0.0000000   -0.0000000    1.0000000 

Processing: Frame: 98
push back

 MY VERSION

end compute
match
before vs after: 6630 5721
match done
, Matches: 228, Inliers: 85.0877 %, Current pose: 
   0.0238877   -0.0951147    0.9951797   49.1852428 
   0.1221476    0.9882831    0.0915236   -4.8768375 
  -0.9922244    0.1193725    0.0352258   42.4493871 
  -0.0000000    0.0000000   -0.0000000    1.0000000 

Processing: Frame: 99
push back

 MY VERSION

end compute
match
before vs after: 6677 5754
match done
, Matches: 210, Inliers: 77.619 %, Current pose: 
   0.0245409   -0.0914938    0.9955032   50.2172369 
   0.1216453    0.9886767    0.0878676   -4.8744209 
  -0.9922702    0.1189420    0.0353928   42.4434652 
  -0.0000000    0.0000000   -0.0000000    1.0000000 

Processing: Frame: 100
push back

 MY VERSION

end compute
match
before vs after: 6900 5850
match done
, Matches: 217, Inliers: 74.6544 %, Current pose: 
   0.0278069   -0.0874040    0.9957848   51.2136703 
   0.1277910    0.9883070    0.0831791   -4.8811431 
  -0.9914112    0.1249393    0.0386512   42.3957027 
  -0.0000000    0.0000000   -0.0000000    1.0000000 

Processing: Frame: 101
push back

 MY VERSION

end compute
match
before vs after: 6958 6041
match done
, Matches: 225, Inliers: 79.5556 %, Current pose: 
   0.0281168   -0.0872837    0.9957866   52.1988665 
   0.1294362    0.9881116    0.0829562   -4.8841892 
  -0.9911890    0.1265584    0.0390802   42.3790584 
  -0.0000000    0.0000000   -0.0000000    1.0000000 

Processing: Frame: 102
push back

 MY VERSION

end compute
match
before vs after: 7179 6161
match done
, Matches: 227, Inliers: 81.4978 %, Current pose: 
   0.0296794   -0.0893091    0.9955617   53.1769169 
   0.1291947    0.9879886    0.0847782   -4.8915159 
  -0.9911750    0.1261051    0.0408612   42.3588131 
  -0.0000000    0.0000000   -0.0000000    1.0000000 

Processing: Frame: 103
push back

 MY VERSION

end compute
match
before vs after: 7104 6061
match done
, Matches: 219, Inliers: 85.3881 %, Current pose: 
   0.0317369   -0.0928758    0.9951718   54.1801295 
   0.1326791    0.9872532    0.0879055   -4.8989160 
  -0.9906508    0.1292487    0.0436550   42.3254235 
  -0.0000000    0.0000000   -0.0000000    1.0000000 

Processing: Frame: 104
push back

 MY VERSION

end compute
match
before vs after: 7343 6306
match done
, Matches: 224, Inliers: 84.375 %, Current pose: 
   0.0322283   -0.0950028    0.9949552   55.2079901 
   0.1352322    0.9867327    0.0898373   -4.8919748 
  -0.9902897    0.1316547    0.0446481   42.3187547 
  -0.0000000    0.0000000   -0.0000000    1.0000000 

Processing: Frame: 105
push back

 MY VERSION

end compute
match
before vs after: 7393 6365
match done
, Matches: 231, Inliers: 84.8485 %, Current pose: 
   0.0327216   -0.1021016    0.9942357   56.2178727 
   0.1321299    0.9864792    0.0969565   -4.8953897 
  -0.9906922    0.1281957    0.0457698   42.3068066 
  -0.0000000    0.0000000   -0.0000000    1.0000000 

Processing: Frame: 106
push back

 MY VERSION

end compute
match
before vs after: 7503 6482
match done
, Matches: 219, Inliers: 84.9315 %, Current pose: 
   0.0297639   -0.1068018    0.9938347   57.2972268 
   0.1331813    0.9858338    0.1019534   -4.8977794 
  -0.9906447    0.1293257    0.0435663   42.3087236 
  -0.0000000    0.0000000   -0.0000000    1.0000000 

Processing: Frame: 107
push back

 MY VERSION

end compute
match
before vs after: 7353 6324
match done
, Matches: 224, Inliers: 85.2679 %, Current pose: 
   0.0274220   -0.1006107    0.9945479   58.4818278 
   0.1321535    0.9865541    0.0961582   -4.9009531 
  -0.9908499    0.1287961    0.0403493   42.3365877 
  -0.0000000    0.0000000   -0.0000000    1.0000000 

Processing: Frame: 108
push back

 MY VERSION

end compute
match
before vs after: 7315 6264
match done
, Matches: 221, Inliers: 82.8054 %, Current pose: 
   0.0273376   -0.0861072    0.9959107   59.5390553 
   0.1400892    0.9867813    0.0814724   -4.8993698 
  -0.9897614    0.1372891    0.0390390   42.3011363 
  -0.0000000    0.0000000   -0.0000000    1.0000000 

Processing: Frame: 109
push back

 MY VERSION

end compute
match
before vs after: 7363 6365
match done
, Matches: 234, Inliers: 81.1966 %, Current pose: 
   0.0264757   -0.0747797    0.9968485   60.5729608 
   0.1418817    0.9873841    0.0703015   -4.9070565 
  -0.9895295    0.1395733    0.0367516   42.2818217 
