========== [MONO VO] ==========
Processing: Frame: 0
push back

 MY VERSION

end compute
match
 ... failed!
Processing: Frame: 1
push back

 MY VERSION

end compute
match
, Matches: 224, Inliers: 86.6071 %, Current pose: 
   0.9999800    0.0056911    0.0027617    0.0147768 
  -0.0056876    0.9999830   -0.0012708   -0.1443747 
  -0.0027689    0.0012551    0.9999954    1.4527162 
   0.0000000    0.0000000    0.0000000    1.0000000 

Processing: Frame: 2
push back

 MY VERSION

end compute
match
, Matches: 211, Inliers: 78.673 %, Current pose: 
   0.9999796    0.0049111    0.0040818    0.0561820 
  -0.0049062    0.9999872   -0.0012138   -0.2923162 
  -0.0040877    0.0011937    0.9999909    2.9501184 
   0.0000000   -0.0000000    0.0000000    1.0000000 

Processing: Frame: 3
push back

 MY VERSION

end compute
match
, Matches: 212, Inliers: 78.7736 %, Current pose: 
   0.9999681    0.0060066    0.0052655    0.1076822 
  -0.0060066    0.9999820   -0.0000284   -0.4393849 
  -0.0052656   -0.0000032    0.9999861    4.3964489 
   0.0000000   -0.0000000    0.0000000    1.0000000 

Processing: Frame: 4
push back

 MY VERSION

end compute
match
, Matches: 206, Inliers: 83.0097 %, Current pose: 
   0.9999440    0.0083199    0.0065448    0.1436737 
  -0.0083328    0.9999634    0.0019428   -0.5810347 
  -0.0065284   -0.0019972    0.9999767    5.7661228 
  -0.0000000   -0.0000000    0.0000000    1.0000000 

Processing: Frame: 5
push back

 MY VERSION

end compute
match
, Matches: 209, Inliers: 80.3828 %, Current pose: 
   0.9999023    0.0108475    0.0088110    0.1721576 
  -0.0108747    0.9999362    0.0030432   -0.7183720 
  -0.0087774   -0.0031387    0.9999566    7.1252885 
   0.0000000   -0.0000000   -0.0000000    1.0000000 

Processing: Frame: 6
push back

 MY VERSION

end compute
match
, Matches: 209, Inliers: 86.6029 %, Current pose: 
   0.9998833    0.0121860    0.0092099    0.2155049 
  -0.0122111    0.9999219    0.0026753   -0.8516172 
  -0.0091766   -0.0027874    0.9999540    8.4606737 
   0.0000000   -0.0000000    0.0000000    1.0000000 

Processing: Frame: 7
push back

 MY VERSION

end compute
match
, Matches: 220, Inliers: 87.7273 %, Current pose: 
   0.9998537    0.0139306    0.0099256    0.2546408 
  -0.0139617    0.9998978    0.0030746   -0.9795896 
  -0.0098817   -0.0032128    0.9999460    9.7385555 
   0.0000000   -0.0000000   -0.0000000    1.0000000 

Processing: Frame: 8
push back

 MY VERSION

end compute
match
, Matches: 226, Inliers: 80.9735 %, Current pose: 
   0.9997834    0.0173644    0.0114746    0.2868207 
  -0.0174027    0.9998433    0.0032489   -1.1012056 
  -0.0114164   -0.0034479    0.9999289   11.0268309 
   0.0000000   -0.0000000   -0.0000000    1.0000000 

Processing: Frame: 9
push back

 MY VERSION

end compute
match
, Matches: 225, Inliers: 84 %, Current pose: 
   0.9997973    0.0169956    0.0107982    0.3500685 
  -0.0170429    0.9998455    0.0043079   -1.2256921 
  -0.0107233   -0.0044911    0.9999324   12.3265713 
   0.0000000   -0.0000000   -0.0000000    1.0000000 

Processing: Frame: 10
push back

 MY VERSION

end compute
match
, Matches: 233, Inliers: 87.5536 %, Current pose: 
   0.9998344    0.0146974    0.0107343    0.4034230 
  -0.0147505    0.9998793    0.0048822   -1.3437008 
  -0.0106612   -0.0050398    0.9999305   13.4969712 
   0.0000000    0.0000000    0.0000000    1.0000000 

Processing: Frame: 11
push back

 MY VERSION

end compute
match
, Matches: 235, Inliers: 90.2128 %, Current pose: 
   0.9998482    0.0138836    0.0105297    0.4574090 
  -0.0139326    0.9998924    0.0045932   -1.4614148 
  -0.0104648   -0.0047392    0.9999340   14.7263441 
   0.0000000    0.0000000    0.0000000    1.0000000 

Processing: Frame: 12
push back

 MY VERSION

end compute
match
, Matches: 239, Inliers: 87.0293 %, Current pose: 
   0.9999365    0.0073651    0.0085244    0.5354131 
  -0.0074039    0.9999623    0.0045313   -1.5731978 
  -0.0084907   -0.0045942    0.9999534   15.8498152 
   0.0000000    0.0000000   -0.0000000    1.0000000 

Processing: Frame: 13
push back

 MY VERSION

end compute
match
, Matches: 224, Inliers: 80.8036 %, Current pose: 
   0.9999045    0.0104189    0.0090747    0.5749669 
  -0.0104510    0.9999393    0.0034944   -1.6812935 
  -0.0090377   -0.0035889    0.9999527   16.9817851 
   0.0000000    0.0000000    0.0000000    1.0000000 

Processing: Frame: 14
push back

 MY VERSION

end compute
match
, Matches: 206, Inliers: 86.4078 %, Current pose: 
   0.9998487    0.0137662    0.0106319    0.6036813 
  -0.0137972    0.9999008    0.0028493   -1.7946320 
  -0.0105916   -0.0029955    0.9999394   18.0843406 
   0.0000000    0.0000000   -0.0000000    1.0000000 

Processing: Frame: 15
push back

 MY VERSION

end compute
match
, Matches: 219, Inliers: 82.6484 %, Current pose: 
   0.9998054    0.0164921    0.0108218    0.6406783 
  -0.0165201    0.9998604    0.0024999   -1.8981733 
  -0.0107790   -0.0026781    0.9999383   19.1652956 
   0.0000000    0.0000000   -0.0000000    1.0000000 

Processing: Frame: 16
push back

 MY VERSION

end compute
match
, Matches: 229, Inliers: 83.4061 %, Current pose: 
   0.9998821    0.0123078    0.0091868    0.7056650 
  -0.0123330    0.9999203    0.0026902   -2.0089747 
  -0.0091529   -0.0028032    0.9999542   20.2190464 
   0.0000000    0.0000000   -0.0000000    1.0000000 

Processing: Frame: 17
push back

 MY VERSION

end compute
match
, Matches: 233, Inliers: 85.8369 %, Current pose: 
   0.9998527    0.0144186    0.0093120    0.7431277 
  -0.0144286    0.9998954    0.0010024   -2.1118484 
  -0.0092966   -0.0011366    0.9999561   21.2525178 
   0.0000000    0.0000000   -0.0000000    1.0000000 

Processing: Frame: 18
push back

 MY VERSION

end compute
match
, Matches: 243, Inliers: 83.9506 %, Current pose: 
   0.9998672    0.0131507    0.0096254    0.7912572 
  -0.0131465    0.9999135   -0.0004968   -2.2135117 
  -0.0096311    0.0003702    0.9999536   22.2579959 
   0.0000000   -0.0000000   -0.0000000    1.0000000 

Processing: Frame: 19
push back

 MY VERSION

end compute
match
, Matches: 232, Inliers: 87.069 %, Current pose: 
   0.9999244    0.0076320    0.0096366    0.8511430 
  -0.0076169    0.9999697   -0.0016088   -2.3068591 
  -0.0096486    0.0015352    0.9999523   23.2419065 
   0.0000000   -0.0000000   -0.0000000    1.0000000 

Processing: Frame: 20
push back

 MY VERSION

end compute
match
, Matches: 226, Inliers: 87.6106 %, Current pose: 
   0.9999323    0.0069611    0.0093228    0.9057359 
  -0.0069380    0.9999728   -0.0025084   -2.4026541 
  -0.0093400    0.0024436    0.9999534   24.2070882 
   0.0000000   -0.0000000   -0.0000000    1.0000000 

Processing: Frame: 21
push back

 MY VERSION

end compute
match
, Matches: 235, Inliers: 86.383 %, Current pose: 
   0.9999442    0.0038952    0.0098157    0.9571853 
  -0.0038938    0.9999924   -0.0001569   -2.4959035 
  -0.0098163    0.0001187    0.9999518   25.1353911 
   0.0000000   -0.0000000   -0.0000000    1.0000000 

Processing: Frame: 22
push back

 MY VERSION

end compute
match
, Matches: 236, Inliers: 93.6441 %, Current pose: 
   0.9998679    0.0106936    0.0122439    0.9689818 
  -0.0107180    0.9999407    0.0019333   -2.5915236 
  -0.0122225   -0.0020643    0.9999232   26.0484376 
   0.0000000    0.0000000   -0.0000000    1.0000000 

Processing: Frame: 23
push back

 MY VERSION

end compute
match
, Matches: 239, Inliers: 94.9791 %, Current pose: 
   0.9997316    0.0161542    0.0166078    0.9909762 
  -0.0161953    0.9998661    0.0023437   -2.6830934 
  -0.0165678   -0.0026121    0.9998593   26.9335733 
   0.0000000    0.0000000   -0.0000000    1.0000000 

Processing: Frame: 24
push back

 MY VERSION

end compute
match
, Matches: 249, Inliers: 95.9839 %, Current pose: 
   0.9993955    0.0241165    0.0250394    1.0005881 
  -0.0241835    0.9997047    0.0023769   -2.7717883 
  -0.0249746   -0.0029810    0.9996836   27.8149183 
   0.0000000    0.0000000   -0.0000000    1.0000000 

Processing: Frame: 25
push back

 MY VERSION

end compute
match
, Matches: 245, Inliers: 92.6531 %, Current pose: 
   0.9995273    0.0119639    0.0283218    1.1141190 
  -0.0120000    0.9999274    0.0011034   -2.8610456 
  -0.0283065   -0.0014427    0.9995982   28.6640097 
   0.0000000    0.0000000   -0.0000000    1.0000000 

Processing: Frame: 26
push back

 MY VERSION

end compute
match
, Matches: 247, Inliers: 94.7368 %, Current pose: 
   0.9992273    0.0142365    0.0366349    1.1624945 
  -0.0142446    0.9998985   -0.0000391   -2.9447304 
  -0.0366317   -0.0004828    0.9993287   29.4892818 
   0.0000000   -0.0000000   -0.0000000    1.0000000 

Processing: Frame: 27
push back

 MY VERSION

end compute
match
, Matches: 247, Inliers: 96.3563 %, Current pose: 
   0.9989592    0.0114107    0.0441629    1.2469954 
  -0.0113728    0.9999347   -0.0011090   -3.0378560 
  -0.0441727    0.0006056    0.9990237   30.3031793 
   0.0000000   -0.0000000   -0.0000000    1.0000000 

Processing: Frame: 28
push back

 MY VERSION

end compute
match
, Matches: 251, Inliers: 93.2271 %, Current pose: 
   0.9983540    0.0150431    0.0553441    1.3044989 
  -0.0148868    0.9998840   -0.0032350   -3.1192816 
  -0.0553863    0.0024058    0.9984621   31.1096634 
   0.0000000   -0.0000000   -0.0000000    1.0000000 

Processing: Frame: 29
push back

 MY VERSION

end compute
match
, Matches: 252, Inliers: 91.6667 %, Current pose: 
   0.9975566    0.0176274    0.0676026    1.3858827 
  -0.0173144    0.9998365   -0.0052133   -3.2055285 
  -0.0676834    0.0040301    0.9976987   31.8714039 
   0.0000000   -0.0000000   -0.0000000    1.0000000 

Processing: Frame: 30
push back

 MY VERSION

end compute
match
, Matches: 250, Inliers: 95.6 %, Current pose: 
   0.9964862    0.0169514    0.0820243    1.4992494 
  -0.0162881    0.9998291   -0.0087495   -3.2850171 
  -0.0821586    0.0073827    0.9965919   32.6099643 
   0.0000000   -0.0000000   -0.0000000    1.0000000 

Processing: Frame: 31
push back

 MY VERSION

end compute
match
, Matches: 246, Inliers: 94.3089 %, Current pose: 
   0.9944456    0.0226153    0.1027931    1.6012155 
  -0.0215596    0.9997029   -0.0113702   -3.3665573 
  -0.1030197    0.0090909    0.9946378   33.3208728 
   0.0000000   -0.0000000   -0.0000000    1.0000000 

Processing: Frame: 32
push back

 MY VERSION

end compute
match
, Matches: 248, Inliers: 93.9516 %, Current pose: 
   0.9913745    0.0232116    0.1289878    1.7381236 
  -0.0215951    0.9996699   -0.0139173   -3.4462517 
  -0.1292683    0.0110117    0.9915485   33.9961103 
   0.0000000   -0.0000000   -0.0000000    1.0000000 

Processing: Frame: 33
push back

 MY VERSION

end compute
match
, Matches: 242, Inliers: 91.7355 %, Current pose: 
   0.9867549    0.0220621    0.1607112    1.8994219 
  -0.0199072    0.9996892   -0.0150070   -3.5141986 
  -0.1609924    0.0116089    0.9868874   34.6358693 
   0.0000000   -0.0000000   -0.0000000    1.0000000 

Processing: Frame: 34
push back

 MY VERSION

end compute
match
, Matches: 233, Inliers: 91.8455 %, Current pose: 
   0.9811162    0.0125133    0.1930143    2.1140694 
  -0.0097077    0.9998331   -0.0154747   -3.5972228 
  -0.1931757    0.0133087    0.9810739   35.2434894 
   0.0000000   -0.0000000   -0.0000000    1.0000000 

Processing: Frame: 35
push back

 MY VERSION

end compute
match
, Matches: 225, Inliers: 92.8889 %, Current pose: 
   0.9735839    0.0065454    0.2282356    2.3370459 
  -0.0031493    0.9998789   -0.0152410   -3.6770443 
  -0.2283077    0.0141196    0.9734866   35.8259130 
   0.0000000   -0.0000000   -0.0000000    1.0000000 

Processing: Frame: 36
push back

 MY VERSION

end compute
match
, Matches: 226, Inliers: 90.708 %, Current pose: 
   0.9632947    0.0049695    0.2684001    2.5610521 
  -0.0016123    0.9999177   -0.0127273   -3.7460406 
  -0.2684413    0.0118274    0.9632234   36.4042093 
   0.0000000   -0.0000000   -0.0000000    1.0000000 

Processing: Frame: 37
push back

 MY VERSION

end compute
match
, Matches: 223, Inliers: 91.9283 %, Current pose: 
   0.9503692   -0.0006562    0.3111237    2.8422869 
   0.0034452    0.9999587   -0.0084148   -3.8181943 
  -0.3111053    0.0090691    0.9503322   36.9633181 
   0.0000000   -0.0000000   -0.0000000    1.0000000 

Processing: Frame: 38
push back

 MY VERSION

end compute
match
, Matches: 220, Inliers: 90 %, Current pose: 
   0.9344879   -0.0098363    0.3558590    3.1771615 
   0.0135714    0.9998759   -0.0080010   -3.8906417 
  -0.3557361    0.0123064    0.9345054   37.5087294 
   0.0000000   -0.0000000   -0.0000000    1.0000000 

Processing: Frame: 39
push back

 MY VERSION

end compute
match
, Matches: 210, Inliers: 92.381 %, Current pose: 
   0.9152334   -0.0207641    0.4023887    3.5582412 
   0.0273255    0.9995707   -0.0105717   -3.9766622 
  -0.4019964    0.0206711    0.9154079   38.0356896 
   0.0000000   -0.0000000   -0.0000000    1.0000000 

Processing: Frame: 40
push back

 MY VERSION

end compute
match
, Matches: 213, Inliers: 92.9577 %, Current pose: 
   0.8929407   -0.0318172    0.4490486    3.9694078 
   0.0420434    0.9990336   -0.0128178   -4.0434866 
  -0.4482068    0.0303250    0.8934154   38.4885922 
   0.0000000   -0.0000000   -0.0000000    1.0000000 

Processing: Frame: 41
push back

 MY VERSION

end compute
match
, Matches: 209, Inliers: 89.9522 %, Current pose: 
   0.8665648   -0.0395370    0.4974961    4.4090003 
   0.0517976    0.9985985   -0.0108631   -4.0967722 
  -0.4963693    0.0351827    0.8673982   38.9417752 
   0.0000000   -0.0000000   -0.0000000    1.0000000 

Processing: Frame: 42
push back

 MY VERSION

end compute
match
, Matches: 209, Inliers: 87.5598 %, Current pose: 
   0.8364284   -0.0467331    0.5460802    4.8519492 
   0.0596337    0.9982028   -0.0059153   -4.1545626 
  -0.5448223    0.0375125    0.8377120   39.3860316 
   0.0000000   -0.0000000   -0.0000000    1.0000000 

Processing: Frame: 43
push back

 MY VERSION

end compute
match
, Matches: 212, Inliers: 90.566 %, Current pose: 
   0.8041351   -0.0619576    0.5912090    5.3538596 
   0.0763486    0.9970810    0.0006464   -4.2133628 
  -0.5895233    0.0446182    0.8065182   39.7937763 
   0.0000000   -0.0000000   -0.0000000    1.0000000 

Processing: Frame: 44
push back

 MY VERSION

end compute
match
, Matches: 217, Inliers: 89.4009 %, Current pose: 
   0.7710996   -0.0786896    0.6318334    5.9133397 
   0.1006917    0.9949172    0.0010230   -4.2577580 
  -0.6287023    0.0628315    0.7751036   40.1070692 
   0.0000000   -0.0000000   -0.0000000    1.0000000 

Processing: Frame: 45
push back

 MY VERSION

end compute
match
, Matches: 214, Inliers: 87.8505 %, Current pose: 
   0.7319353   -0.0775120    0.6769510    6.4532061 
   0.1013335    0.9948430    0.0043469   -4.3107593 
  -0.6737969    0.0654162    0.7360153   40.5201477 
   0.0000000   -0.0000000   -0.0000000    1.0000000 

Processing: Frame: 46
push back

 MY VERSION

end compute
match
, Matches: 220, Inliers: 87.2727 %, Current pose: 
   0.6927992   -0.0774016    0.7169646    7.0314044 
   0.1089235    0.9940480    0.0020626   -4.3659214 
  -0.7128568    0.0766653    0.6971066   40.8459816 
   0.0000000   -0.0000000   -0.0000000    1.0000000 

Processing: Frame: 47
push back

 MY VERSION

end compute
match
, Matches: 226, Inliers: 86.2832 %, Current pose: 
   0.6483754   -0.0688855    0.7581979    7.5645887 
   0.1002767    0.9949487    0.0046433   -4.3977115 
  -0.7546879    0.0730190    0.6520079   41.2278062 
   0.0000000   -0.0000000   -0.0000000    1.0000000 

Processing: Frame: 48
push back

 MY VERSION

end compute
match
, Matches: 232, Inliers: 93.1034 %, Current pose: 
   0.6044594   -0.0740816    0.7931840    8.1272080 
   0.1103635    0.9938530    0.0087193   -4.4319090 
  -0.7889542    0.0822681    0.6089197   41.4900025 
   0.0000000   -0.0000000   -0.0000000    1.0000000 

Processing: Frame: 49
push back

 MY VERSION

end compute
match
, Matches: 230, Inliers: 90 %, Current pose: 
   0.5576800   -0.0770758    0.8264698    8.7115203 
   0.1155419    0.9931944    0.0146598   -4.4590321 
  -0.8219751    0.0873164    0.5627902   41.7463266 
   0.0000000   -0.0000000   -0.0000000    1.0000000 

Processing: Frame: 50
push back

 MY VERSION

end compute
match
, Matches: 234, Inliers: 90.1709 %, Current pose: 
   0.5088723   -0.0768984    0.8574005    9.2940456 
   0.1157698    0.9930675    0.0203560   -4.4842965 
  -0.8530219    0.0889025    0.5142470   41.9743801 
   0.0000000   -0.0000000   -0.0000000    1.0000000 

Processing: Frame: 51
push back

 MY VERSION

end compute
match
, Matches: 235, Inliers: 87.6596 %, Current pose: 
   0.4584015   -0.0787091    0.8852531    9.8990688 
   0.1194552    0.9924889    0.0263873   -4.5120485 
  -0.8806807    0.0936521    0.4643606   42.1735683 
   0.0000000   -0.0000000   -0.0000000    1.0000000 

Processing: Frame: 52
push back

 MY VERSION

end compute
match
, Matches: 233, Inliers: 87.9828 %, Current pose: 
   0.4082923   -0.0810874    0.9092427   10.5142966 
   0.1243572    0.9917019    0.0325990   -4.5335755 
  -0.9043410    0.0997610    0.4149880   42.3129701 
   0.0000000   -0.0000000   -0.0000000    1.0000000 

Processing: Frame: 53
push back

 MY VERSION

end compute
match
, Matches: 233, Inliers: 87.1245 %, Current pose: 
   0.3563427   -0.0817268    0.9307742   11.1240854 
   0.1254095    0.9913370    0.0390321   -4.5549018 
  -0.9259008    0.1028191    0.3635050   42.4481109 
   0.0000000   -0.0000000   -0.0000000    1.0000000 

Processing: Frame: 54
push back

 MY VERSION

end compute
match
, Matches: 236, Inliers: 88.9831 %, Current pose: 
   0.3063372   -0.0821583    0.9483710   11.7396182 
   0.1283211    0.9907392    0.0443792   -4.5671203 
  -0.9432344    0.1081010    0.3140429   42.5461486 
   0.0000000   -0.0000000   -0.0000000    1.0000000 

Processing: Frame: 55
push back

 MY VERSION

end compute
match
, Matches: 240, Inliers: 82.9167 %, Current pose: 
   0.2600875   -0.0827498    0.9620327   12.3640280 
   0.1332567    0.9898637    0.0491175   -4.5758575 
  -0.9563457    0.1154224    0.2684781   42.6252111 
   0.0000000   -0.0000000   -0.0000000    1.0000000 

Processing: Frame: 56
push back

 MY VERSION

end compute
match
, Matches: 234, Inliers: 83.7607 %, Current pose: 
   0.2197752   -0.0846309    0.9718727   12.9940528 
   0.1399677    0.9886583    0.0544409   -4.5895442 
  -0.9654573    0.1240660    0.2291282   42.6770203 
   0.0000000   -0.0000000   -0.0000000    1.0000000 

Processing: Frame: 57
push back

 MY VERSION

end compute
match
, Matches: 243, Inliers: 86.4198 %, Current pose: 
   0.1853906   -0.0854947    0.9789387   13.6375873 
   0.1439650    0.9878220    0.0590065   -4.5891499 
  -0.9720619    0.1299936    0.1954412   42.7274436 
   0.0000000   -0.0000000   -0.0000000    1.0000000 

Processing: Frame: 58
push back

 MY VERSION

end compute
match
, Matches: 235, Inliers: 80.8511 %, Current pose: 
   0.1573597   -0.0858953    0.9837987   14.2810978 
   0.1489878    0.9868725    0.0623329   -4.6007318 
  -0.9762380    0.1367653    0.1680913   42.7534897 
   0.0000000   -0.0000000   -0.0000000    1.0000000 

Processing: Frame: 59
push back

 MY VERSION

end compute
match
, Matches: 238, Inliers: 84.8739 %, Current pose: 
   0.1362721   -0.0848513    0.9870310   14.9214855 
   0.1490866    0.9867351    0.0642426   -4.6106860 
  -0.9793891    0.1383986    0.1471147   42.7794995 
   0.0000000   -0.0000000   -0.0000000    1.0000000 

Processing: Frame: 60
push back

 MY VERSION

end compute
match
, Matches: 245, Inliers: 90.6122 %, Current pose: 
   0.1191222   -0.0865461    0.9891004   15.5398530 
   0.1466163    0.9868058    0.0686876   -4.6126517 
  -0.9819947    0.1368360    0.1302396   42.8111646 
   0.0000000   -0.0000000   -0.0000000    1.0000000 

Processing: Frame: 61
push back

 MY VERSION

end compute
match
, Matches: 238, Inliers: 87.8151 %, Current pose: 
   0.1051142   -0.0910516    0.9902831   16.1823137 
   0.1458118    0.9864485    0.0752218   -4.6091098 
  -0.9837123    0.1364880    0.1169662   42.8426821 
   0.0000000   -0.0000000   -0.0000000    1.0000000 

Processing: Frame: 62
push back

 MY VERSION

end compute
match
, Matches: 243, Inliers: 90.1235 %, Current pose: 
   0.0941652   -0.0940351    0.9911056   16.8488341 
   0.1476264    0.9858421    0.0795097   -4.6099038 
  -0.9845503    0.1388263    0.1067140   42.8702783 
   0.0000000   -0.0000000   -0.0000000    1.0000000 

Processing: Frame: 63
push back

 MY VERSION

end compute
match
, Matches: 239, Inliers: 87.4477 %, Current pose: 
   0.0855452   -0.0968576    0.9916152   17.5307215 
   0.1460242    0.9857350    0.0836860   -4.6182741 
  -0.9855754    0.1376409    0.0984684   42.9139009 
   0.0000000   -0.0000000   -0.0000000    1.0000000 

Processing: Frame: 64
push back

 MY VERSION

end compute
match
, Matches: 237, Inliers: 85.654 %, Current pose: 
   0.0807918   -0.0971919    0.9919811   18.2360072 
   0.1405440    0.9864018    0.0851986   -4.6329599 
  -0.9867725    0.1325337    0.0933529   42.9506166 
   0.0000000   -0.0000000   -0.0000000    1.0000000 

Processing: Frame: 65
push back

 MY VERSION

end compute
match
, Matches: 235, Inliers: 87.234 %, Current pose: 
   0.0773890   -0.0912182    0.9928193   18.9390025 
   0.1318979    0.9879898    0.0804932   -4.6419077 
  -0.9882378    0.1247215    0.0884910   43.0051225 
   0.0000000   -0.0000000   -0.0000000    1.0000000 

Processing: Frame: 66
push back

 MY VERSION

end compute
match
, Matches: 236, Inliers: 92.7966 %, Current pose: 
   0.0754326   -0.0804509    0.9939002   19.6187112 
   0.1272911    0.9893622    0.0704228   -4.6482767 
  -0.9889929    0.1212025    0.0848708   43.0480789 
   0.0000000   -0.0000000   -0.0000000    1.0000000 

Processing: Frame: 67
push back

 MY VERSION

end compute
match
, Matches: 236, Inliers: 91.1017 %, Current pose: 
   0.0750466   -0.0729818    0.9945057   20.2904163 
   0.1285217    0.9897079    0.0629313   -4.6528070 
  -0.9888631    0.1230928    0.0836539   43.0676764 
   0.0000000   -0.0000000   -0.0000000    1.0000000 

Processing: Frame: 68
push back

 MY VERSION

end compute
match
, Matches: 231, Inliers: 90.0433 %, Current pose: 
   0.0732416   -0.0725622    0.9946710   20.9408173 
   0.1295239    0.9895949    0.0626545   -4.6545972 
  -0.9888677    0.1242447    0.0818781   43.0876505 
   0.0000000   -0.0000000   -0.0000000    1.0000000 

Processing: Frame: 69
push back

 MY VERSION

end compute
match
, Matches: 234, Inliers: 89.3162 %, Current pose: 
   0.0701241   -0.0765390    0.9945976   21.6045195 
   0.1251170    0.9898532    0.0673525   -4.6609595 
  -0.9896607    0.1197180    0.0789889   43.1239665 
   0.0000000   -0.0000000   -0.0000000    1.0000000 

Processing: Frame: 70
push back

 MY VERSION

end compute
match
, Matches: 228, Inliers: 87.7193 %, Current pose: 
   0.0687112   -0.0833328    0.9941501   22.3012223 
   0.1233566    0.9895678    0.0744229   -4.6704693 
  -0.9899808    0.1175213    0.0782740   43.1450151 
   0.0000000   -0.0000000   -0.0000000    1.0000000 

Processing: Frame: 71
push back

 MY VERSION

end compute
match
, Matches: 236, Inliers: 87.7119 %, Current pose: 
   0.0661337   -0.0878712    0.9939341   23.0482144 
   0.1186564    0.9897392    0.0796052   -4.6747658 
  -0.9907305    0.1126721    0.0758816   43.1888705 
   0.0000000   -0.0000000   -0.0000000    1.0000000 

Processing: Frame: 72
push back

 MY VERSION

end compute
match
, Matches: 233, Inliers: 83.691 %, Current pose: 
   0.0625427   -0.0892659    0.9940423   23.8265244 
   0.1093342    0.9906105    0.0820786   -4.6832926 
  -0.9920355    0.1035494    0.0717153   43.2428819 
   0.0000000   -0.0000000   -0.0000000    1.0000000 

Processing: Frame: 73
push back

 MY VERSION

end compute
match
, Matches: 236, Inliers: 88.1356 %, Current pose: 
   0.0608557   -0.0898932    0.9940904   24.6482522 
   0.1052646    0.9909605    0.0831661   -4.6792601 
  -0.9925804    0.0995814    0.0697682   43.2800190 
   0.0000000   -0.0000000   -0.0000000    1.0000000 

Processing: Frame: 74
push back

 MY VERSION

end compute
match
, Matches: 224, Inliers: 88.3929 %, Current pose: 
   0.0592630   -0.0909045    0.9940947   25.5110292 
   0.1099902    0.9903762    0.0840073   -4.6815693 
  -0.9921643    0.1043621    0.0686913   43.2928646 
   0.0000000   -0.0000000   -0.0000000    1.0000000 

Processing: Frame: 75
push back

 MY VERSION

end compute
match
, Matches: 228, Inliers: 80.7018 %, Current pose: 
   0.0558056   -0.0923300    0.9941634   26.3899356 
   0.1069928    0.9905346    0.0859871   -4.6778296 
  -0.9926924    0.1015697    0.0651560   43.3277063 
   0.0000000   -0.0000000   -0.0000000    1.0000000 

Processing: Frame: 76
push back

 MY VERSION

end compute
match
, Matches: 225, Inliers: 84.4444 %, Current pose: 
   0.0528104   -0.0930987    0.9942553   27.2745340 
   0.1085750    0.9902775    0.0869593   -4.6739383 
  -0.9926845    0.1033589    0.0624051   43.3380123 
   0.0000000   -0.0000000   -0.0000000    1.0000000 

Processing: Frame: 77
push back

 MY VERSION

end compute
match
, Matches: 217, Inliers: 89.8618 %, Current pose: 
   0.0511671   -0.0974385    0.9939254   28.1674220 
   0.1069259    0.9900428    0.0915533   -4.6600145 
  -0.9929495    0.1015919    0.0610763   43.3528188 
   0.0000000   -0.0000000   -0.0000000    1.0000000 

Processing: Frame: 78
push back

 MY VERSION

end compute
match
, Matches: 217, Inliers: 82.0276 %, Current pose: 
   0.0509798   -0.0943721    0.9942308   29.0788552 
   0.1134471    0.9896287    0.0881181   -4.6574703 
  -0.9922353    0.1083004    0.0611573   43.3389589 
   0.0000000   -0.0000000   -0.0000000    1.0000000 

Processing: Frame: 79
push back

 MY VERSION

end compute
match
, Matches: 219, Inliers: 87.6712 %, Current pose: 
   0.0486204   -0.0873873    0.9949872   30.0182224 
   0.1149413    0.9900369    0.0813358   -4.6621441 
  -0.9921817    0.1104106    0.0581804   43.3476260 
   0.0000000   -0.0000000   -0.0000000    1.0000000 

Processing: Frame: 80
push back

 MY VERSION

end compute
match
, Matches: 235, Inliers: 85.1064 %, Current pose: 
   0.0471933   -0.0799930    0.9956776   30.9518363 
   0.1198508    0.9900407    0.0738594   -4.6668131 
  -0.9916696    0.1158471    0.0563105   43.3469526 
   0.0000000   -0.0000000   -0.0000000    1.0000000 

Processing: Frame: 81
push back

 MY VERSION

end compute
match
, Matches: 235, Inliers: 88.5106 %, Current pose: 
   0.0477019   -0.0742567    0.9960976   31.8772920 
   0.1194330    0.9905026    0.0681201   -4.6669400 
  -0.9916957    0.1157174    0.0561175   43.3419834 
   0.0000000   -0.0000000   -0.0000000    1.0000000 

Processing: Frame: 82
push back

 MY VERSION

end compute
match
, Matches: 244, Inliers: 86.8852 %, Current pose: 
   0.0474974   -0.0762928    0.9959535   32.8385584 
   0.1168854    0.9906533    0.0703124   -4.6782246 
  -0.9920090    0.1130728    0.0559710   43.3538216 
   0.0000000   -0.0000000   -0.0000000    1.0000000 

Processing: Frame: 83
push back

 MY VERSION

end compute
match
, Matches: 240, Inliers: 82.0833 %, Current pose: 
   0.0460751   -0.0813691    0.9956185   33.7836782 
   0.1205926    0.9898409    0.0753161   -4.6809192 
  -0.9916322    0.1165940    0.0554196   43.3566790 
   0.0000000   -0.0000000   -0.0000000    1.0000000 

Processing: Frame: 84
push back

 MY VERSION

end compute
match
, Matches: 240, Inliers: 77.9167 %, Current pose: 
   0.0436916   -0.0880407    0.9951582   34.7479433 
   0.1227099    0.9890399    0.0821119   -4.6856748 
  -0.9914804    0.1185282    0.0540161   43.3615684 
   0.0000000   -0.0000000   -0.0000000    1.0000000 

Processing: Frame: 85
push back

 MY VERSION

end compute
match
, Matches: 219, Inliers: 82.1918 %, Current pose: 
   0.0434750   -0.0923354    0.9947784   35.7602062 
   0.1243019    0.9884827    0.0863186   -4.6880060 
  -0.9912916    0.1199001    0.0544517   43.3496636 
   0.0000000   -0.0000000   -0.0000000    1.0000000 

Processing: Frame: 86
push back

 MY VERSION

end compute
match
, Matches: 225, Inliers: 78.2222 %, Current pose: 
   0.0425571   -0.0939420    0.9946677   36.7957001 
   0.1235122    0.9884274    0.0880682   -4.6850503 
  -0.9914301    0.1191056    0.0536676   43.3507465 
   0.0000000   -0.0000000   -0.0000000    1.0000000 

Processing: Frame: 87
push back

 MY VERSION

end compute
match
, Matches: 237, Inliers: 78.903 %, Current pose: 
   0.0407869   -0.0925163    0.9948755   37.8961859 
   0.1213170    0.9887958    0.0869773   -4.6850349 
  -0.9917755    0.1171478    0.0515538   43.3759878 
   0.0000000   -0.0000000   -0.0000000    1.0000000 

Processing: Frame: 88
push back

 MY VERSION

end compute
match
, Matches: 226, Inliers: 78.3186 %, Current pose: 
   0.0397782   -0.0897819    0.9951668   38.9184865 
   0.1216243    0.9889846    0.0843626   -4.6936857 
  -0.9917788    0.1176807    0.0502597   43.3817113 
   0.0000000   -0.0000000   -0.0000000    1.0000000 

Processing: Frame: 89
push back

 MY VERSION

end compute
match
, Matches: 234, Inliers: 76.4957 %, Current pose: 
   0.0386001   -0.0879025    0.9953809   39.9765122 
   0.1228668    0.9889820    0.0825728   -4.7068876 
  -0.9916722    0.1191120    0.0489751   43.3742220 
   0.0000000   -0.0000000   -0.0000000    1.0000000 

Processing: Frame: 90
push back

 MY VERSION

end compute
match
, Matches: 230, Inliers: 85.6522 %, Current pose: 
   0.0372489   -0.0873452    0.9954815   40.9996952 
   0.1228339    0.9890187    0.0821820   -4.7104878 
  -0.9917280    0.1192176    0.0475689   43.3754265 
   0.0000000   -0.0000000   -0.0000000    1.0000000 

Processing: Frame: 91
push back

 MY VERSION

end compute
match
, Matches: 238, Inliers: 82.7731 %, Current pose: 
   0.0363122   -0.0898304    0.9952949   42.0209150 
   0.1203005    0.9891020    0.0848824   -4.7184766 
  -0.9920732    0.1166522    0.0467232   43.3805110 
   0.0000000   -0.0000000   -0.0000000    1.0000000 

Processing: Frame: 92
push back

 MY VERSION

end compute
match
, Matches: 235, Inliers: 80.8511 %, Current pose: 
   0.0341477   -0.0912343    0.9952438   43.0650455 
   0.1248885    0.9884084    0.0863227   -4.7227399 
  -0.9915830    0.1213468    0.0451460   43.3712378 
   0.0000000   -0.0000000   -0.0000000    1.0000000 

Processing: Frame: 93
push back

 MY VERSION

end compute
match
, Matches: 225, Inliers: 81.3333 %, Current pose: 
   0.0355004   -0.0917017    0.9951535   44.0504596 
   0.1269886    0.9881232    0.0865238   -4.7217956 
  -0.9912687    0.1233015    0.0467238   43.3457891 
   0.0000000   -0.0000000   -0.0000000    1.0000000 

Processing: Frame: 94
push back

 MY VERSION

end compute
match
, Matches: 214, Inliers: 82.7103 %, Current pose: 
   0.0341621   -0.0936538    0.9950186   45.0489572 
   0.1247072    0.9882180    0.0887321   -4.7268524 
  -0.9916053    0.1210547    0.0454389   43.3595541 
   0.0000000   -0.0000000   -0.0000000    1.0000000 

Processing: Frame: 95
push back

 MY VERSION

end compute
match
, Matches: 217, Inliers: 80.1843 %, Current pose: 
   0.0327434   -0.0957279    0.9948689   46.0584805 
   0.1253522    0.9879360    0.0909352   -4.7253491 
  -0.9915718    0.1217315    0.0443481   43.3672332 
   0.0000000   -0.0000000   -0.0000000    1.0000000 

Processing: Frame: 96
push back

 MY VERSION

end compute
match
, Matches: 213, Inliers: 77.9343 %, Current pose: 
   0.0319796   -0.0979999    0.9946725   47.0580442 
   0.1308229    0.9870303    0.0930408   -4.7242298 
  -0.9908898    0.1271506    0.0443855   43.3594500 
   0.0000000   -0.0000000   -0.0000000    1.0000000 

Processing: Frame: 97
push back

 MY VERSION

end compute
match
, Matches: 225, Inliers: 79.5556 %, Current pose: 
   0.0326773   -0.1007019    0.9943799   48.0801481 
   0.1314289    0.9867046    0.0956056   -4.7195423 
  -0.9907869    0.1275661    0.0454780   43.3486366 
   0.0000000   -0.0000000   -0.0000000    1.0000000 

Processing: Frame: 98
push back

 MY VERSION

end compute
match
, Matches: 228, Inliers: 78.9474 %, Current pose: 
   0.0326453   -0.1004868    0.9944027   49.1405679 
   0.1270206    0.9872826    0.0955973   -4.7161448 
  -0.9913627    0.1231888    0.0449940   43.3624874 
   0.0000000   -0.0000000   -0.0000000    1.0000000 

Processing: Frame: 99
push back

 MY VERSION

end compute
match
, Matches: 210, Inliers: 78.5714 %, Current pose: 
   0.0334368   -0.0973263    0.9946907   50.1956133 
   0.1264061    0.9876668    0.0923899   -4.7122513 
  -0.9914149    0.1226457    0.0453271   43.3632951 
   0.0000000   -0.0000000   -0.0000000    1.0000000 

Processing: Frame: 100
push back

 MY VERSION

end compute
match
, Matches: 216, Inliers: 74.0741 %, Current pose: 
   0.0346673   -0.0930481    0.9950579   51.2296273 
   0.1294369    0.9876885    0.0878495   -4.7104628 
  -0.9909815    0.1257517    0.0462843   43.3509497 
   0.0000000   -0.0000000   -0.0000000    1.0000000 

Processing: Frame: 101
push back

 MY VERSION

end compute
match
, Matches: 225, Inliers: 81.3333 %, Current pose: 
   0.0350027   -0.0924278    0.9951040   52.2522725 
   0.1279391    0.9879357    0.0872618   -4.7023509 
  -0.9911642    0.1242583    0.0464055   43.3556517 
   0.0000000   -0.0000000   -0.0000000    1.0000000 

Processing: Frame: 102
push back

 MY VERSION

end compute
match
, Matches: 227, Inliers: 81.9383 %, Current pose: 
   0.0355935   -0.0940544    0.9949306   53.2653203 
   0.1228905    0.9884176    0.0890423   -4.7006943 
  -0.9917817    0.1190982    0.0467397   43.3691420 
   0.0000000   -0.0000000   -0.0000000    1.0000000 

Processing: Frame: 103
push back

 MY VERSION

end compute
match
, Matches: 219, Inliers: 86.758 %, Current pose: 
   0.0378774   -0.0977266    0.9944922   54.2928069 
   0.1247839    0.9878792    0.0923240   -4.7028144 
  -0.9914607    0.1205997    0.0496130   43.3472725 
   0.0000000   -0.0000000   -0.0000000    1.0000000 

Processing: Frame: 104
push back

 MY VERSION

end compute
match
, Matches: 224, Inliers: 85.2679 %, Current pose: 
   0.0391408   -0.1001875    0.9941984   55.2811988 
   0.1282281    0.9872381    0.0944379   -4.6985318 
  -0.9909720    0.1237877    0.0514881   43.3325593 
   0.0000000   -0.0000000   -0.0000000    1.0000000 

Processing: Frame: 105
push back

 MY VERSION

end compute
match
, Matches: 231, Inliers: 84.4156 %, Current pose: 
   0.0394052   -0.1059921    0.9935859   56.2993168 
   0.1216974    0.9874649    0.1005127   -4.6789587 
  -0.9917847    0.1169561    0.0518103   43.3468420 
   0.0000000   -0.0000000   -0.0000000    1.0000000 

Processing: Frame: 106
push back

 MY VERSION

end compute
match
, Matches: 219, Inliers: 84.4749 %, Current pose: 
   0.0391004   -0.1100499    0.9931567   57.3799250 
   0.1255835    0.9865771    0.1043766   -4.6660141 
  -0.9913122    0.1206429    0.0523960   43.3340493 
   0.0000000   -0.0000000   -0.0000000    1.0000000 

Processing: Frame: 107
push back

 MY VERSION

end compute
match
, Matches: 224, Inliers: 79.4643 %, Current pose: 
   0.0396097   -0.1048275    0.9937013   58.4966523 
   0.1344698    0.9859945    0.0986544   -4.6752727 
  -0.9901257    0.1297151    0.0531511   43.3031708 
   0.0000000   -0.0000000   -0.0000000    1.0000000 

Processing: Frame: 108
push back

 MY VERSION

end compute
match
, Matches: 221, Inliers: 78.733 %, Current pose: 
   0.0378368   -0.0912139    0.9951123   59.5909138 
   0.1385606    0.9866846    0.0851729   -4.6860216 
  -0.9896309    0.1346607    0.0499717   43.3090723 
   0.0000000   -0.0000000   -0.0000000    1.0000000 

Processing: Frame: 109
push back

 MY VERSION

end compute
match
, Matches: 234, Inliers: 80.7692 %, Current pose: 
   0.0365682   -0.0805992    0.9960756   60.6208395 
   0.1380569    0.9875923    0.0748444   -4.6984153 
  -0.9897490    0.1347782    0.0472418   43.3063641 
   0.0000000   -0.0000000   -0.0000000    1.0000000 

Processing: Frame: 110
push back

 MY VERSION

end compute
match
, Matches: 240, Inliers: 78.3333 %, Current pose: 
   0.0356558   -0.0785314    0.9962738   61.5898629 
   0.1377824    0.9877739    0.0729303   -4.7049546 
  -0.9898205    0.1346686    0.0460401   43.3147387 
   0.0000000   -0.0000000   -0.0000000    1.0000000 

Processing: Frame: 111
push back

 MY VERSION

end compute
match
, Matches: 238, Inliers: 83.6134 %, Current pose: 
   0.0351959   -0.0858949    0.9956823   62.4803411 
   0.1438506    0.9863600    0.0800058   -4.7129732 
  -0.9889733    0.1404136    0.0470719   43.2997878 
   0.0000000   -0.0000000   -0.0000000    1.0000000 

Processing: Frame: 112
push back

 MY VERSION

end compute
match
, Matches: 235, Inliers: 77.4468 %, Current pose: 
   0.0335774   -0.0938435    0.9950206   63.3701851 
   0.1437217    0.9856876    0.0881133   -4.7142198 
  -0.9890483    0.1400475    0.0465841   43.3017446 
   0.0000000   -0.0000000   -0.0000000    1.0000000 

Processing: Frame: 113
push back

 MY VERSION

end compute
match
, Matches: 241, Inliers: 82.5726 %, Current pose: 
   0.0323482   -0.0983324    0.9946277   64.3498929 
   0.1482279    0.9846158    0.0925218   -4.7153207 
  -0.9884240    0.1444387    0.0464261   43.2822569 
   0.0000000   -0.0000000   -0.0000000    1.0000000 

Processing: Frame: 114
push back

 MY VERSION

end compute
match
, Matches: 235, Inliers: 79.5745 %, Current pose: 
   0.0296839   -0.0994675    0.9945980   65.3592726 
   0.1410758    0.9854930    0.0943465   -4.7154697 
  -0.9895537    0.1375131    0.0432857   43.3051864 
   0.0000000   -0.0000000   -0.0000000    1.0000000 

Processing: Frame: 115
push back

 MY VERSION

end compute
match
, Matches: 239, Inliers: 78.2427 %, Current pose: 
   0.0281504   -0.0977431    0.9948135   66.3375686 
   0.1420704    0.9854962    0.0928075   -4.7136898 
  -0.9894562    0.1387209    0.0416285   43.2981688 
   0.0000000   -0.0000000   -0.0000000    1.0000000 

Processing: Frame: 116
push back

 MY VERSION

end compute
match
, Matches: 225, Inliers: 80 %, Current pose: 
   0.0279191   -0.0949334    0.9950920   67.2798103 
   0.1455451    0.9852576    0.0899116   -4.7188497 
  -0.9889576    0.1423206    0.0413246   43.2717039 
   0.0000000   -0.0000000   -0.0000000    1.0000000 

Processing: Frame: 117
push back

 MY VERSION

end compute
match
, Matches: 240, Inliers: 79.5833 %, Current pose: 
   0.0276001   -0.0954829    0.9950484   68.1720038 
   0.1477585    0.9848826    0.0904090   -4.7213948 
  -0.9886383    0.1445315    0.0412913   43.2505518 
   0.0000000   -0.0000000   -0.0000000    1.0000000 

Processing: Frame: 118
push back

 MY VERSION

end compute
match
, Matches: 237, Inliers: 73.8397 %, Current pose: 
   0.0284970   -0.0964433    0.9949305   69.0864615 
   0.1511063    0.9843121    0.0910860   -4.7056563 
  -0.9881067    0.1477446    0.0426232   43.2195387 
   0.0000000   -0.0000000   -0.0000000    1.0000000 

Processing: Frame: 119
push back

 MY VERSION

end compute
match
, Matches: 234, Inliers: 78.2051 %, Current pose: 
   0.0269233   -0.1015236    0.9944687   69.9871972 
   0.1537572    0.9834115    0.0962321   -4.7055178 
  -0.9877418    0.1503158    0.0420867   43.2113938 
   0.0000000   -0.0000000   -0.0000000    1.0000000 

Processing: Frame: 120
push back

 MY VERSION

end compute
match
, Matches: 236, Inliers: 75.4237 %, Current pose: 
   0.0254950   -0.1013779    0.9945213   70.9168389 
   0.1539132    0.9833807    0.0962966   -4.7034313 
  -0.9877554    0.1506149    0.0406747   43.2089117 
   0.0000000   -0.0000000   -0.0000000    1.0000000 

Processing: Frame: 121
push back

 MY VERSION

end compute
match
, Matches: 228, Inliers: 81.5789 %, Current pose: 
   0.0238505   -0.0992925    0.9947724   71.7948355 
   0.1539458    0.9835517    0.0944816   -4.6987229 
  -0.9877914    0.1508876    0.0387439   43.1990711 
   0.0000000   -0.0000000   -0.0000000    1.0000000 

Processing: Frame: 122
push back

 MY VERSION

end compute
match
, Matches: 239, Inliers: 82.0084 %, Current pose: 
   0.0211940   -0.0989620    0.9948655   72.6520596 
   0.1511725    0.9839649    0.0946572   -4.7006959 
